0.908435348182397	0.893495414745950	0.854121537666996	0.843616435629553	0.855953159520420	0.537893687770253	0.827317788391914	0.794109247942951	0.650240620034267	0.710196040440697	0.709598482779508	0.508093867768256	0.511846416141892	0.652668592729059	0.708362211594860	0.528760706806266	0.546078182747568	0.834672189713399	0.814164857539053	0.883090263840570	0.778227061000278
0.901997152254424	0.896029001810066	0.802411652588500	0.790276633573639	0.831445224062222	0.578150663729307	0.662078550611868	0.587321413547101	0.673196363276479	0.500400534245548	0.621390312550360	0.615853879627325	0.515798952246719	0.588623659199881	0.684158116025852	0.511566515322718	0.617242187293604	0.765599570264876	0.716889878077738	0.886316330437909	0.690038390316514
0.879327026031500	0.864858770639746	0.871085381905498	0.876106236738801	0.812762553138182	0.524302453684531	0.763464362342113	0.766730089023694	0.885049128257987	0.897946599649418	0.943910510899338	0.523558024561051	0.542019686027880	0.605835275714302	0.655233426986388	0.524419059298108	0.545277172320445	0.898384229302937	0.881256711471871	0.814645680007062	0.821775962365373
0.838182610296831	0.843468394387166	0.734625670330413	0.728264912659292	0.809408840039167	0.533793408523984	0.694414502053331	0.743288749253960	0.802212732373001	0.638978664410940	0.643940320616797	0.623516997299682	0.502361565977479	0.644152730953792	0.701532940142512	0.562208267942803	0.698076028339169	0.500917404347567	0.510548915601036	0.783137608177062	0.639594932676985
0.717841006812571	0.688724933725250	0.684357900341490	0.683065238322333	0.670141436295389	0.638636708755819	0.511923873438689	0.574260635356584	0.628100603552365	0.599889544362973	0.544980917194936	0.574294179723935	0.567900284032690	0.542790054122441	0.565661621604761	0.535765163162156	0.562817163224539	0.692018164302281	0.701589718459881	0.646960937775746	0.503040361863283
0.846676281062577	0.851988288095408	0.705244129165296	0.688267747747319	0.806282248898728	0.544988266705373	0.565947154190795	0.667968759604522	0.682124853835236	0.552563023235570	0.530825812026882	0.614629034502151	0.521201969716396	0.620948826203604	0.723521406848859	0.539277092514883	0.597792929239118	0.598720446442022	0.620292366812772	0.817328372753545	0.551028181389489
0.812747613469417	0.794222259615696	0.750955790127692	0.739006698465501	0.700141429307998	0.519510457588250	0.716219161710234	0.632238426540162	0.613249383547015	0.697638502909141	0.504457596879658	0.511755278412389	0.505874362243522	0.563607325381467	0.636919141647197	0.518078940499073	0.519928692084162	0.719377843072535	0.706099508347734	0.774882160940071	0.677395697017942
0.909606347276834	0.918187309177845	0.841798663510187	0.839625232103195	0.887599137038346	0.562235874408470	0.724775270987158	0.835981067571121	0.874168633465890	0.754479125804526	0.760718831701389	0.791387864995703	0.521807015460952	0.701922812094949	0.760645393827375	0.544165153992980	0.839534223849582	0.793299050011777	0.783097147528950	0.902384780979082	0.646641838695451
0.861500838391795	0.850265852154587	0.752713196025538	0.748557521550284	0.793475896702529	0.581144006898534	0.671929230977024	0.634691339129396	0.512734602928755	0.778609155353779	0.660924413066356	0.690924165332695	0.511234891216077	0.603107184174367	0.693135843225995	0.503174737410803	0.656109380180561	0.672936278490644	0.659128683383825	0.833151996818149	0.638198996644736
0.879754215828774	0.871216087398531	0.820617095074306	0.815580111966352	0.827801192610419	0.599393639122439	0.729235729980140	0.641321624541618	0.831803638980315	0.790268211775636	0.743428928914931	0.583561768674902	0.504154274736447	0.607667615231006	0.728472451773162	0.556137006494770	0.591353419097894	0.791782904131020	0.751960236402956	0.873087878238184	0.729090834625059
0.856930855355192	0.851562999274660	0.695842308055960	0.686725853251409	0.811918650192515	0.561023259858507	0.570132272630966	0.717230121665147	0.525674516112632	0.700682262957475	0.644249713188454	0.502163721945437	0.506925242199611	0.628957510482683	0.738651418667561	0.551980937815668	0.511113622461456	0.643966202822175	0.632805938258509	0.826229217809071	0.582939894836150
0.881514354303002	0.877528645184931	0.862233611916272	0.851939338134543	0.844700456788325	0.517025387220889	0.711353280435460	0.707157858967191	0.690843022664030	0.810259212106692	0.890888834602538	0.636294024795291	0.519813964850632	0.669882530078031	0.770650817662064	0.561103667617200	0.620727948649288	0.806286155884301	0.784396583718166	0.855571306427139	0.649751052711525
0.873033008059870	0.882171507199678	0.712098252865695	0.704744478120187	0.866932642812585	0.532045136985780	0.782743817049726	0.835173163192892	0.685157046185762	0.563078375678851	0.563044814840759	0.673261241271011	0.547658341302406	0.643142096393362	0.596002484672746	0.500640826642467	0.729733936699967	0.700360837545836	0.674855381080390	0.869950581665909	0.771706057399569
0.901118797813680	0.892481455036967	0.901413157460228	0.901032593773689	0.863424821959382	0.549650255947820	0.786682531292116	0.791800871633407	0.776218951675789	0.747048174025392	0.749823424010293	0.732467359269860	0.504022144646824	0.677333655179195	0.736474402399433	0.549355770909613	0.722801466873066	0.919270467181738	0.908515766294764	0.831167365056412	0.755090004552153
0.834118136288850	0.830720725950189	0.739403199821862	0.742731848152628	0.780361738024934	0.500855633089123	0.604707980332505	0.629844119782542	0.700187063873681	0.680558222655302	0.554487677364776	0.576215272854613	0.504802968204471	0.629461808347552	0.656182690358759	0.502042362954159	0.582739346694314	0.641783472947679	0.620356751685031	0.800749911264085	0.544824398046953
0.778736761438176	0.762264090302823	0.730359093395809	0.729037709482902	0.758960155933103	0.560503918282309	0.646829532866439	0.679126814932790	0.619217847207740	0.653646821597323	0.648144443627222	0.715719830850851	0.525391173741743	0.579069994674025	0.647347351925624	0.520912674054397	0.680920794135353	0.643147738588578	0.640384127552861	0.751376596092790	0.573902725112060
0.768761146412302	0.763941647621715	0.610538016795303	0.621255794675187	0.804989086128065	0.532690170171700	0.579376148406668	0.721923308543280	0.644843413543952	0.695627209472838	0.753063339686213	0.561389859414289	0.514926902746918	0.656911333859690	0.604403871697850	0.516060301611218	0.646188194231831	0.547810282488783	0.555665480815428	0.818180004195737	0.502372760121300
0.870149479729976	0.859630950269209	0.535671694954695	0.516138200971980	0.857252400881573	0.591345675494858	0.511133497104391	0.624870709735425	0.521810379176367	0.799954869156270	0.800515468032029	0.513384726340606	0.503189085715480	0.639270590898199	0.688291111647660	0.525831971158967	0.506482987805991	0.535025097462133	0.526740091640004	0.871297941305474	0.502726039216895
0.816862881530358	0.812678315501757	0.779672269806550	0.780294565080361	0.789928569687516	0.516175327536415	0.653467154530411	0.588519779986660	0.768330762425024	0.673443155962167	0.673462218155336	0.702339183088668	0.517204461265827	0.615176430094096	0.653430207152914	0.502810301207048	0.670022206518784	0.724831736421239	0.697067183942792	0.796221886154098	0.649636515060010
0.934061332640778	0.930602175060978	0.800357757792935	0.800771703999995	0.776303026357453	0.672728855200730	0.640030488281519	0.716682522159773	0.778307072016606	0.536175491724459	0.771518610895466	0.744987435775919	0.550373099936741	0.636025780401771	0.744781629375340	0.560492847994239	0.749938573089623	0.562400640659925	0.587603874480496	0.913439274628108	0.517564246248058
0.866535747006088	0.844193807433923	0.755864949404345	0.740342994357268	0.824904766490838	0.511828840752019	0.650473142330689	0.672428353643114	0.746955818983215	0.644106880948686	0.637577632406866	0.631782279373788	0.534388727201013	0.669043285737053	0.725997779012536	0.586923469875098	0.621446252536943	0.762110261306323	0.708600170883596	0.816349609231550	0.601946070629872
0.904326718367825	0.901448813889577	0.847563706933145	0.854394459645604	0.848478957375318	0.593642640474559	0.814891038810546	0.777960854103923	0.860118959913978	0.834896938737320	0.710593258841164	0.689615507798537	0.510509590284229	0.615591935328340	0.740482955377126	0.505158141748531	0.740447146292532	0.760161684971730	0.760297582388633	0.877784495979694	0.662616909625537
0.844422353737902	0.833792761310124	0.784776019893010	0.803109814036752	0.780102518649697	0.546212794663465	0.686580398875156	0.672136284969823	0.829936644401941	0.795215659270952	0.796233942361368	0.605881124914035	0.517431381538768	0.597944963488066	0.674637680525394	0.538934241771472	0.655108188367629	0.729832200848007	0.679777174835552	0.832924489506647	0.700246169003092
0.855940870099614	0.848498878512468	0.764075002427466	0.760212440106034	0.808837778647596	0.556772915776745	0.674161169896950	0.696207222427264	0.708716611236175	0.698072290281824	0.689468674114897	0.622742462112652	0.520036369627597	0.625614608294214	0.688477258876172	0.532426093861071	0.635299132292757	0.706291080835109	0.692264962226176	0.829401247360178	0.638711091267752

使用f10-23-1107与f60-23-1107的分类结果，1 2 3 8 10 12 14 15 22
[
1[0.86290798, 0.77328409, 0.75862484, 0.78499119, 0.85815887,
0.59414191, 0.91474549, 0.75837659, 0.59414191, 0.75675676,
0.80769231],
2[0.84810296, 0.74779351, 0.80629206, 0.76082382, 0.8133255 ,
0.56371798, 0.8680434 , 0.81064097, 0.56371798, 0.82835821,
0.86381323],
3[0.87888368, 0.82093816, 0.74573661, 0.77726739, 0.87608297,
0.51829004, 0.90646946, 0.8069255 , 0.51829004, 0.76351351,
0.84328358],
8[0.81932562, 0.84775724, 0.60001069, 0.74495211, 0.89340312,
0.45588813, 0.90094283, 0.8269774 , 0.45588813, 0.6091954 ,
0.8030303 ],
10[0.82297731, 0.80932865, 0.8194808 , 0.78778741, 0.85668185,
0.65094258, 0.86154681, 0.79930796, 0.65094258, 0.69      ,
0.89032258],
12[0.77925139, 0.77345403, 0.40452366, 0.70603224, 0.83434746,
0.28615871, 0.88258888, 0.75642161, 0.28615871, 0.46153846,
0.80597015],
14[0.87733333, 0.84760141, 0.68211099, 0.65718265, 0.90979342,
0.36235554, 0.88514523, 0.84638923, 0.36235554, 0.58169935,
0.8989899 ],
15[0.84284841, 0.47415081, 0.34175295, 0.62244752, 0.73622699,
0.16069675, 0.9044484 , 0.43884892, 0.16069675, 0.29310345,
0.51515152],
22[0.81466176, 0.73841155, 0.83904413, 0.70326505, 0.86814001,
0.59967152, 0.82358924, 0.77131711, 0.59967152, 0.80727273,
0.81021898],
ave[0.83847694, 0.75919105, 0.66639741, 0.72719438, 0.84957336,
0.46576257, 0.88067744, 0.78617776, 0.46576257, 0.70007057,
0.83431455]]
